740.760009765625
740.8699951171875
740.97998046875
741.0900268554688
741.2000122070312
741.3099975585938
741.4199829101562
741.530029296875
741.6400146484375
741.75
741.8599853515625
741.969970703125
742.0800170898438
742.1900024414062
742.2999877929688
742.4199829101562
742.530029296875
742.6400146484375
742.75
742.8599853515625
742.969970703125
743.0800170898438
743.1900024414062
743.2999877929688
743.4099731445312
743.52001953125
743.6300048828125
743.739990234375
743.8499755859375
743.9600219726562
744.0700073242188
744.1799926757812
744.2899780273438
744.4000244140625
744.510009765625
744.6199951171875
744.72998046875
744.8400268554688
744.9500122070312
745.0599975585938
745.1699829101562
745.280029296875
745.3900146484375
745.5
745.6099853515625
745.72998046875
745.8400268554688
745.9500122070312
746.0599975585938
746.1699829101562
746.280029296875
746.3900146484375
746.5
746.6099853515625
746.719970703125
746.8300170898438
746.9400024414062
747.0499877929688
747.1599731445312
747.27001953125
747.3800048828125
747.489990234375
747.5999755859375
747.7100219726562
747.8200073242188
747.9299926757812
748.0399780273438
748.1500244140625
748.260009765625
748.3699951171875
748.47998046875
748.5999755859375
748.7100219726562
748.8200073242188
748.9299926757812
749.0399780273438
749.1500244140625
749.260009765625
749.3699951171875
749.47998046875
749.5900268554688
749.7000122070312
749.8099975585938
749.9199829101562
750.030029296875
750.1400146484375
750.25
750.3599853515625
750.469970703125
750.5800170898438
750.6900024414062
750.7999877929688
750.9099731445312
751.030029296875
751.1400146484375
751.25
751.3599853515625
751.469970703125
751.5800170898438
751.6900024414062
751.7999877929688
751.9099731445312
752.02001953125
752.1300048828125
752.239990234375
752.3499755859375
752.4600219726562
752.5700073242188
752.6799926757812
752.7899780273438
752.9000244140625
753.010009765625
753.1199951171875
753.22998046875
753.3499755859375
753.4600219726562
753.5700073242188
753.6799926757812
753.7899780273438
753.9000244140625
754.010009765625
754.1199951171875
754.22998046875
754.3400268554688
754.4500122070312
754.5599975585938
754.6699829101562
754.780029296875
754.8900146484375
755.0
755.1099853515625
755.219970703125
755.3300170898438
755.4500122070312
755.5599975585938
755.6699829101562
755.780029296875
755.8900146484375
756.0
756.1099853515625
756.219970703125
756.3300170898438
756.4400024414062
756.5499877929688
756.6599731445312
756.77001953125
756.8800048828125
756.989990234375
757.0999755859375
757.2100219726562
757.3300170898438
757.4400024414062
757.5499877929688
757.6599731445312
757.77001953125
757.8800048828125
757.989990234375
758.0999755859375
758.2100219726562
758.3200073242188
758.4299926757812
758.5399780273438
758.6500244140625
758.760009765625
758.8699951171875
758.97998046875
759.0900268554688
759.2100219726562
759.3200073242188
759.4299926757812
759.5399780273438
759.6500244140625
759.760009765625
759.8699951171875
759.97998046875
760.0900268554688
760.2000122070312
760.3099975585938
760.4199829101562
760.530029296875
760.6400146484375
760.75
760.8699951171875
760.97998046875
761.0900268554688
761.2000122070312
761.3099975585938
761.4199829101562
761.530029296875
761.6400146484375
761.75
761.8599853515625
761.969970703125
762.0800170898438
762.1900024414062
762.2999877929688
762.4099731445312
762.530029296875
762.6400146484375
762.75
762.8599853515625
762.969970703125
763.0800170898438
763.1900024414062
763.2999877929688
763.4099731445312
763.52001953125
763.6300048828125
763.739990234375
763.8499755859375
763.9600219726562
764.0800170898438
764.1900024414062
764.2999877929688
764.4099731445312
764.52001953125
764.6300048828125
764.739990234375
764.8499755859375
764.9600219726562
765.0700073242188
765.1799926757812
765.2899780273438
765.4000244140625
765.510009765625
765.6300048828125
765.739990234375
765.8499755859375
765.9600219726562
766.0700073242188
766.1799926757812
766.2899780273438
766.4000244140625
766.510009765625
766.6199951171875
766.72998046875
766.8400268554688
766.9500122070312
767.0700073242188
767.1799926757812
767.2899780273438
767.4000244140625
767.510009765625
767.6199951171875
767.72998046875
767.8400268554688
767.9500122070312
768.0599975585938
768.1699829101562
768.280029296875
768.3900146484375
768.510009765625
768.6199951171875
768.72998046875
768.8400268554688
768.9500122070312
769.0599975585938
769.1699829101562
769.280029296875
769.3900146484375
769.5
769.6099853515625
769.719970703125
769.8300170898438
769.9500122070312
770.0599975585938
770.1699829101562
770.280029296875
770.3900146484375
770.5
770.6099853515625
770.719970703125
770.8300170898438
770.9400024414062
771.0499877929688
771.1599731445312
771.280029296875
771.3900146484375
771.5
771.6099853515625
771.719970703125
771.8300170898438
771.9400024414062
772.0499877929688
772.1599731445312
772.27001953125
772.3800048828125
772.5
772.6099853515625
772.719970703125
772.8300170898438
772.9400024414062
773.0499877929688
773.1599731445312
773.27001953125
773.3800048828125
773.489990234375
773.5999755859375
773.7100219726562
773.8300170898438
773.9400024414062
774.0499877929688
774.1599731445312
774.27001953125
774.3800048828125
774.489990234375
774.5999755859375
774.7100219726562
774.8200073242188
774.9299926757812
775.0499877929688
775.1599731445312
775.27001953125
775.3800048828125
775.489990234375
775.5999755859375
775.7100219726562
775.8200073242188
775.9299926757812
776.0399780273438
776.1500244140625
776.27001953125
776.3800048828125
776.489990234375
776.5999755859375
776.7100219726562
776.8200073242188
776.9299926757812
777.0399780273438
777.1500244140625
777.260009765625
777.3800048828125
777.489990234375
777.5999755859375
777.7100219726562
777.8200073242188
777.9299926757812
778.0399780273438
778.1500244140625
778.260009765625
778.3699951171875
778.47998046875
778.5999755859375
778.7100219726562
778.8200073242188
778.9299926757812
779.0399780273438
779.1500244140625
779.260009765625
